ID;Approved_by;Approved_at;Level
PO-1;M-001;2021-06-20 14:01:00;1
PO-1;M-002;2021-06-21 10:20:23;2
PO-2;M-001;2021-06-23 09:18:02;1
PO-3;M-001;2021-06-24 09:21:10;1
PO-3;M-002;2021-06-27 13:00:09;2
PO-4;M-001;2021-06-25 16:24:20;1
PO-4;M-002;2021-06-27 13:02:20;2
